n = 2

0.8862269254527580136490837416705725913987747280611935641069038949264556422955160906874753283693   -0.7071067811865475244008443621048490392848359376884740365883398689953662392310535194251937671638
0.8862269254527580136490837416705725913987747280611935641069038949264556422955160906874753283693    0.7071067811865475244008443621048490392848359376884740365883398689953662392310535194251937671638

n = 3

0.2954089751509193378830279138901908637995915760203978547023012983088185474318386968958251094564   -1.2247448713915890490986420373529456959829737403283350642163462836254801887286575132699297165523
1.1816359006036773515321116555607634551983663040815914188092051932352741897273547875833004378257    0.0000000000000000000000000000000000000000000000000000000000000000000000000000000000000000000000
0.2954089751509193378830279138901908637995915760203978547023012983088185474318386968958251094564    1.2247448713915890490986420373529456959829737403283350642163462836254801887286575132699297165523

n = 4

0.0813128354472451771430345571898884117633329166383238185653457835780437185046101810520128567339   -1.6506801238857845558833411111207455437894347069037757070303733233420577987787078173025504890355
0.8049140900055128365060491844806841796354418114228697455415581113484119237909059096354624716354   -0.5246476232752903178840602538347413414135785651694633719018601754437852126251738236361455531723
0.8049140900055128365060491844806841796354418114228697455415581113484119237909059096354624716354    0.5246476232752903178840602538347413414135785651694633719018601754437852126251738236361455531723
0.0813128354472451771430345571898884117633329166383238185653457835780437185046101810520128567339    1.6506801238857845558833411111207455437894347069037757070303733233420577987787078173025504890355

n = 5

0.0199532420590459132077434585941735748645699773739190561263324623610968706138908220158647653687   -2.0201828704560856329287240881446451470522321474650473926832631624059913801840332042107317658799
0.3936193231522411598284956208520936344548582290546379404568893552712490957906833536382903878703   -0.9585724646138185071127705938929883181860888552581885315861435073024960334291329430216049978275
0.9453087204829418812256893244486107641586930432652731350473641545882193517818838300666403502606    0.0000000000000000000000000000000000000000000000000000000000000000000000000000000000000000000000
0.3936193231522411598284956208520936344548582290546379404568893552712490957906833536382903878703    0.9585724646138185071127705938929883181860888552581885315861435073024960334291329430216049978275
0.0199532420590459132077434585941735748645699773739190561263324623610968706138908220158647653687    2.0201828704560856329287240881446451470522321474650473926832631624059913801840332042107317658799

n = 6

0.0045300099055088456408574725646271509325100719404397100976744726949969690981628241024070632652   -2.3506049736744922228339219870609208465378638272940990922973865271435226637331640412153865131990
0.1570673203228566439163115635083782689123146500357077333048858982128069186653074531204681628864   -1.3358490740136969497148952829703706739725895261250108139948144291988243794979460537283230207455
0.7246295952243925240919147055975671715539500060850461207043435240186517545320458134646001022177   -0.4360774119276165086792159482506249107662566689318268058515491611448032171656217290290433116766
0.7246295952243925240919147055975671715539500060850461207043435240186517545320458134646001022177    0.4360774119276165086792159482506249107662566689318268058515491611448032171656217290290433116766
0.1570673203228566439163115635083782689123146500357077333048858982128069186653074531204681628864    1.3358490740136969497148952829703706739725895261250108139948144291988243794979460537283230207455
0.0045300099055088456408574725646271509325100719404397100976744726949969690981628241024070632652    2.3506049736744922228339219870609208465378638272940990922973865271435226637331640412153865131990

n = 7

0.0009717812450995191541494242559389596444424012170142016498000143379833414269858014603119871827   -2.6519613568352334924470820065166161144381584786255294172031003071471600949016031668052906818698
0.0545155828191270305921785688416951259608999158593464929865868466313694485627111954655464546030   -1.6735516287674714450318013983035948191078100577354089269242175099937138333690347986612540761794
0.4256072526101278005203174666663910354397068210140015258787895391335802729707260237330567364719   -0.8162878828589646630387109590271458167428894003786361568447220334359490704876651166851979497670
0.8102646175568073267648765638130949407074511799416626871834549896470451586701861400571203002233    0.0000000000000000000000000000000000000000000000000000000000000000000000000000000000000000000000
0.4256072526101278005203174666663910354397068210140015258787895391335802729707260237330567364719    0.8162878828589646630387109590271458167428894003786361568447220334359490704876651166851979497670
0.0545155828191270305921785688416951259608999158593464929865868466313694485627111954655464546030    1.6735516287674714450318013983035948191078100577354089269242175099937138333690347986612540761794
0.0009717812450995191541494242559389596444424012170142016498000143379833414269858014603119871827    2.6519613568352334924470820065166161144381584786255294172031003071471600949016031668052906818698

n = 8

0.0001996040722113676192060904525440964562257126380025000994092863971132629439779667896515047668   -2.9306374202572440192235027052435991461994485855216384101713817875650206006947770228012252185285
0.0170779830074134754562030564364456781805104248557589158894684827895754059370244943501513735899   -1.9816567566958429258546306397693095686949116340382185956456649312668030971214403962578412919435
0.2078023258148918795432586202857005575935760268970354867237216853713187630754059062088747610782   -1.1571937124467801947207657790631002434520047595976140188242984350371580259599937518030612048728
0.6611470125582412910304159744958822591684625636703966613943044403684482103391077233387976889343   -0.3811869902073221168547188855836914176318600315196565942804019391314297380183854889698688298236
0.6611470125582412910304159744958822591684625636703966613943044403684482103391077233387976889343    0.3811869902073221168547188855836914176318600315196565942804019391314297380183854889698688298236
0.2078023258148918795432586202857005575935760268970354867237216853713187630754059062088747610782    1.1571937124467801947207657790631002434520047595976140188242984350371580259599937518030612048728
0.0170779830074134754562030564364456781805104248557589158894684827895754059370244943501513735899    1.9816567566958429258546306397693095686949116340382185956456649312668030971214403962578412919435
0.0001996040722113676192060904525440964562257126380025000994092863971132629439779667896515047668    2.9306374202572440192235027052435991461994485855216384101713817875650206006947770228012252185285

n = 9
0.0000396069772632643819045862946425494087372964181806086768199335878668939631825522519241586039   -3.1909932017815276072300477953809091249689621222382294426115641501624906382579153045304525753574
0.0049436242755369472172245659776337479027696544211813016955412361043115959837316716663058702145   -2.2665805845318431118020969328376203485513298814254028020960493451249852270754511773600169428481
0.0884745273943765732879751147475663140749061292714197240550137749624879777492987080485644754517   -1.4685532892166679316670157392486279827277910356393010970878346758326547292969322256143713759207
0.4326515590025557501998121129560211174757166790874507353757711770953246596347759853619606906666   -0.7235510187528375733226398645794120947065192122948753356072493363147507864336405371838491024383
0.7202352156060509571243347233894177250732899377259223886075155463529290299290543467174402668652    0.0000000000000000000000000000000000000000000000000000000000000000000000000000000000000000000000
0.4326515590025557501998121129560211174757166790874507353757711770953246596347759853619606906666    0.7235510187528375733226398645794120947065192122948753356072493363147507864336405371838491024383
0.0884745273943765732879751147475663140749061292714197240550137749624879777492987080485644754517    1.4685532892166679316670157392486279827277910356393010970878346758326547292969322256143713759207
0.0049436242755369472172245659776337479027696544211813016955412361043115959837316716663058702145    2.2665805845318431118020969328376203485513298814254028020960493451249852270754511773600169428481
0.0000396069772632643819045862946425494087372964181806086768199335878668939631825522519241586039    3.1909932017815276072300477953809091249689621222382294426115641501624906382579153045304525753574

n = 10

0.0000076404328552326206291593678595952221082891147358323631952885551280911633480005783690893186   -3.4361591188377376033267254943191213848406783093901772906871762944002361145649511153468627231619
0.0013436457467812326922015655858459138698692732786257703646162498020762483818413155201782152234   -2.5327316742327897964089607977547934803078465081567249459332874134930859380473865340227292325942
0.0338743944554810631361647312775859736981619424818670167397151576997713812778135734029144015844   -1.7566836492998817734514012201061567632954744937388471000872849560961705796098190771278266711470
0.2401386110823146864165232950058613953700424939019273989906605614799431523716931435060024114987   -1.0366108297895136541774919167592090162982561106572157244372326874036404187243878992980306028244
0.6108626337353257987835649904334197132385927292840375456487166373895367691008200576800112107441   -0.3429013272237046087891650255572580312083026586777306282057710390729201819231210156071352030544
0.6108626337353257987835649904334197132385927292840375456487166373895367691008200576800112107441    0.3429013272237046087891650255572580312083026586777306282057710390729201819231210156071352030544
0.2401386110823146864165232950058613953700424939019273989906605614799431523716931435060024114987    1.0366108297895136541774919167592090162982561106572157244372326874036404187243878992980306028244
0.0338743944554810631361647312775859736981619424818670167397151576997713812778135734029144015844    1.7566836492998817734514012201061567632954744937388471000872849560961705796098190771278266711470
0.0013436457467812326922015655858459138698692732786257703646162498020762483818413155201782152234    2.5327316742327897964089607977547934803078465081567249459332874134930859380473865340227292325942
0.0000076404328552326206291593678595952221082891147358323631952885551280911633480005783690893186    3.4361591188377376033267254943191213848406783093901772906871762944002361145649511153468627231619

n = 11

0.0000014395603937142582203308836603194269922806085088638424916250950002763733539522356791169082   -3.6684708465595825184583714648513151492887289285149513777247896754467753095902691798960019726688
0.0003468194663233455106434137729401755225442481558159626756293808185825539428148157956960820191   -2.7832900997816517708367187015163736226708065368982309659073149449319695976497239675135078505922
0.0119113954449115324503874202915890049448734514335461026419099967209406507496691901954346994821   -2.0259480158257553351659128312128992685070769612522462842109426495514960038322439064582623241718
0.1172278751677085033817886493084315819712885836690422560451082531701942630262421183410755384855   -1.3265570844949328559497347355826889484694230398754876257714059966784925193452366758977449634953
0.4293597523561250284460735986005798163179443743188611113528939362340428845993204019752988610811   -0.6568095668820997650246115753830130641483585458243335092760065461677857463842346593400995347227
0.6547592869145917792039406576267433864302635797508385350977414057753900272082312242885820607865    0.0000000000000000000000000000000000000000000000000000000000000000000000000000000000000000000000
0.4293597523561250284460735986005798163179443743188611113528939362340428845993204019752988610811    0.6568095668820997650246115753830130641483585458243335092760065461677857463842346593400995347227
0.1172278751677085033817886493084315819712885836690422560451082531701942630262421183410755384855    1.3265570844949328559497347355826889484694230398754876257714059966784925193452366758977449634953
0.0119113954449115324503874202915890049448734514335461026419099967209406507496691901954346994821    2.0259480158257553351659128312128992685070769612522462842109426495514960038322439064582623241718
0.0003468194663233455106434137729401755225442481558159626756293808185825539428148157956960820191    2.7832900997816517708367187015163736226708065368982309659073149449319695976497239675135078505922
0.0000014395603937142582203308836603194269922806085088638424916250950002763733539522356791169082    3.6684708465595825184583714648513151492887289285149513777247896754467753095902691798960019726688